              #base MLP_sentiment

              precision    recall  f1-score   support

   ambiguous       0.39      0.41      0.40      3764
    negative       0.53      0.56      0.54      7711
     neutral       0.51      0.48      0.49     11109
    positive       0.66      0.66      0.66     11780

    accuracy                           0.55     34364
   macro avg       0.52      0.53      0.52     34364
weighted avg       0.55      0.55      0.55     34364

    0  1    2  3
0-1559,591,1257,602
1-584,4290,2154,1137
2-1047,1834,5293,2246
3-574,996,2405,7795


#base MLP_emotion
    precision    recall  f1-score   support

    admiration       0.51      0.45      0.48      2112
     amusement       0.47      0.50      0.49      1310
         anger       0.32      0.27      0.29      1019
     annoyance       0.19      0.16      0.17      1673
      approval       0.22      0.18      0.20      2198
        caring       0.25      0.23      0.24       682
     confusion       0.25      0.19      0.22       994
     curiosity       0.36      0.31      0.33      1179
        desire       0.22      0.24      0.23       468
disappointment       0.15      0.19      0.17       926
   disapproval       0.24      0.19      0.21      1533
       disgust       0.28      0.18      0.22       594
 embarrassment       0.25      0.16      0.20       289
    excitement       0.20      0.19      0.20       591
          fear       0.45      0.34      0.38       382
     gratitude       0.78      0.71      0.74      1405
         grief       0.15      0.12      0.14        72
           joy       0.26      0.25      0.25       886
          love       0.54      0.61      0.57       988
   nervousness       0.18      0.13      0.15       150
       neutral       0.47      0.58      0.52     11022
      optimism       0.31      0.24      0.27       916
         pride       0.16      0.11      0.13       149
   realization       0.14      0.10      0.12       907
        relief       0.12      0.15      0.13       170
       remorse       0.32      0.34      0.33       293
       sadness       0.29      0.28      0.29       743
      surprise       0.33      0.26      0.29       713

      accuracy                           0.39     34364
     macro avg       0.30      0.27      0.28     34364
  weighted avg       0.38      0.39      0.38     34364



 947.00000   40.00000    5.00000   19.00000   96.00000   12.00000    7.00000   18.00000   15.00000    8.00000   17.00000    3.00000    2.00000   61.00000    4.00000   79.00000    0.00000   58.00000   68.00000    1.00000  271.00000   38.00000   27.00000   21.00000    6.00000    2.00000    3.00000   19.00000
  36.00000  661.00000   16.00000   52.00000   36.00000   12.00000   17.00000   13.00000   12.00000   15.00000   26.00000   12.00000   10.00000   23.00000    9.00000   15.00000    1.00000   97.00000   13.00000    3.00000  252.00000   17.00000    1.00000   26.00000    2.00000    5.00000    7.00000   18.00000
   7.00000   14.00000  271.00000  112.00000   14.00000    9.00000   18.00000   11.00000    4.00000   26.00000   35.00000   37.00000    9.00000    9.00000    8.00000    0.00000    2.00000    8.00000    2.00000    1.00000  203.00000    6.00000    3.00000   17.00000    1.00000    2.00000   10.00000   13.00000
  36.00000   36.00000  118.00000  271.00000   87.00000   20.00000   23.00000   28.00000    9.00000   65.00000  105.00000   64.00000   28.00000   11.00000   15.00000   16.00000    4.00000    7.00000    6.00000   10.00000  370.00000   18.00000    3.00000   30.00000    3.00000   11.00000   34.00000   26.00000
 122.00000   37.00000   19.00000   52.00000  395.00000   41.00000   38.00000   32.00000   29.00000   22.00000   61.00000   14.00000   14.00000   18.00000    8.00000   19.00000    1.00000   40.00000   35.00000    8.00000  561.00000   59.00000    5.00000   65.00000   13.00000    6.00000   18.00000   26.00000
  18.00000    3.00000   14.00000   23.00000   46.00000  157.00000    5.00000    5.00000   13.00000   17.00000   13.00000    1.00000    4.00000    1.00000    6.00000   18.00000    2.00000    8.00000   11.00000   10.00000  164.00000   40.00000    1.00000   11.00000    6.00000    7.00000   17.00000    4.00000
  13.00000   17.00000   16.00000   32.00000   28.00000    4.00000  192.00000   85.00000    4.00000   10.00000   42.00000    7.00000    4.00000    5.00000    4.00000    6.00000    1.00000    3.00000    6.00000    4.00000  231.00000    7.00000    0.00000   22.00000    0.00000    3.00000    9.00000   13.00000
  17.00000   12.00000   17.00000   38.00000   18.00000   10.00000  135.00000  362.00000    6.00000    5.00000   23.00000    7.00000    5.00000   21.00000    5.00000    6.00000    0.00000    4.00000    3.00000    3.00000  261.00000    5.00000    3.00000   10.00000    2.00000    4.00000    7.00000   30.00000
  12.00000    8.00000    5.00000   11.00000   37.00000    7.00000    5.00000   14.00000  114.00000   13.00000   15.00000    4.00000    5.00000    8.00000    0.00000    8.00000    2.00000   12.00000   17.00000    2.00000  134.00000   53.00000    1.00000   17.00000    1.00000    5.00000    7.00000    2.00000
  12.00000   14.00000   36.00000   87.00000   57.00000   18.00000   30.00000   24.00000    9.00000  173.00000  103.00000   41.00000   16.00000   10.00000   10.00000    7.00000    3.00000    9.00000    5.00000   15.00000  303.00000   12.00000    1.00000   28.00000    7.00000   14.00000   62.00000   18.00000
  15.00000   19.00000   54.00000   75.00000   83.00000   17.00000   37.00000   11.00000    5.00000   40.00000  295.00000   35.00000    9.00000    7.00000    7.00000    4.00000    1.00000    7.00000    7.00000    5.00000  364.00000   18.00000    4.00000   44.00000    1.00000   13.00000   29.00000   15.00000
   4.00000    6.00000   30.00000   51.00000   17.00000    2.00000    6.00000    1.00000    2.00000   15.00000   11.00000  108.00000    9.00000    4.00000   15.00000    1.00000    1.00000    3.00000    1.00000    0.00000   74.00000    1.00000    0.00000    7.00000    0.00000    2.00000   12.00000    4.00000
   2.00000    5.00000    6.00000   13.00000    3.00000    2.00000    4.00000    3.00000    0.00000    9.00000   10.00000   12.00000   47.00000    1.00000    2.00000    1.00000    0.00000    1.00000    1.00000    1.00000   41.00000    4.00000    0.00000    5.00000    0.00000    4.00000    8.00000    4.00000
  59.00000   21.00000    4.00000   14.00000   25.00000   10.00000    5.00000   15.00000   12.00000    4.00000   11.00000    2.00000    3.00000  113.00000    2.00000   13.00000    0.00000   45.00000    9.00000    1.00000  116.00000   15.00000    1.00000    8.00000    2.00000    1.00000    3.00000   44.00000
   4.00000    1.00000    9.00000    4.00000    7.00000    5.00000    4.00000    4.00000    1.00000   11.00000   12.00000   15.00000    4.00000    1.00000  128.00000    0.00000    3.00000    4.00000    0.00000    4.00000   39.00000    4.00000    1.00000    7.00000    0.00000    4.00000    8.00000    2.00000
  62.00000   14.00000    3.00000   12.00000   19.00000   15.00000    2.00000    2.00000    5.00000    3.00000    7.00000    2.00000    1.00000    4.00000    2.00000 1004.00000    0.00000   31.00000   10.00000    1.00000   55.00000    8.00000    1.00000    6.00000   10.00000    7.00000    2.00000    3.00000
   2.00000    1.00000    1.00000    2.00000    3.00000    2.00000    0.00000    0.00000    0.00000    0.00000    1.00000    0.00000    0.00000    0.00000    1.00000    0.00000    9.00000    1.00000    2.00000    0.00000   16.00000    0.00000    1.00000    4.00000    0.00000    6.00000    9.00000    0.00000
  62.00000   86.00000    4.00000   17.00000   51.00000   18.00000    2.00000   14.00000   12.00000    8.00000    8.00000    1.00000    2.00000   40.00000    4.00000   38.00000    1.00000  220.00000   39.00000    1.00000  146.00000   19.00000   12.00000   13.00000   15.00000    2.00000    4.00000   13.00000
 118.00000   16.00000    5.00000   10.00000   45.00000    9.00000    6.00000    6.00000   14.00000   13.00000   10.00000    0.00000    2.00000   19.00000    1.00000   11.00000    0.00000   52.00000  600.00000    0.00000  145.00000   11.00000    1.00000   10.00000    2.00000    1.00000    6.00000    3.00000
   1.00000    0.00000    0.00000    8.00000    4.00000    4.00000    2.00000    3.00000    1.00000   10.00000    4.00000    3.00000    3.00000    1.00000    5.00000    0.00000    0.00000    2.00000    0.00000   20.00000   29.00000    0.00000    0.00000    3.00000    1.00000    2.00000    7.00000    0.00000
 450.00000  248.00000  331.00000  637.00000  947.00000  226.00000  395.00000  455.00000  157.00000  330.00000  603.00000  181.00000   82.00000  184.00000  115.00000   96.00000   29.00000  206.00000  132.00000   54.00000 6443.00000  329.00000   53.00000  398.00000   62.00000   56.00000  207.00000  235.00000
  30.00000    6.00000    4.00000   16.00000   39.00000   28.00000   11.00000   15.00000   26.00000   12.00000   18.00000    3.00000    3.00000   15.00000    3.00000   22.00000    0.00000   15.00000    3.00000    1.00000  180.00000  222.00000    7.00000   10.00000    4.00000    4.00000    4.00000    8.00000
  12.00000    2.00000    2.00000    1.00000    7.00000    5.00000    0.00000    0.00000    0.00000    3.00000    2.00000    1.00000    1.00000    4.00000    1.00000    3.00000    0.00000    8.00000    2.00000    0.00000   21.00000    7.00000   17.00000    3.00000    1.00000    0.00000    1.00000    1.00000
  23.00000   15.00000   14.00000   38.00000   55.00000    7.00000   21.00000   13.00000    4.00000   21.00000   38.00000    9.00000    5.00000    3.00000    7.00000    4.00000    2.00000   11.00000    6.00000    2.00000  236.00000    7.00000    2.00000   91.00000    3.00000    8.00000    8.00000   16.00000
  13.00000    3.00000    6.00000    5.00000   23.00000    9.00000    2.00000    3.00000    4.00000    6.00000    2.00000    1.00000    0.00000    0.00000    1.00000    6.00000    0.00000   18.00000    6.00000    0.00000   56.00000    5.00000    4.00000    2.00000   25.00000    0.00000    3.00000    2.00000
   1.00000    3.00000    1.00000   15.00000   10.00000    9.00000    6.00000    5.00000    3.00000   11.00000   11.00000    6.00000    5.00000    0.00000    1.00000   16.00000    1.00000    1.00000    2.00000    1.00000   38.00000    2.00000    0.00000   16.00000    0.00000  100.00000   45.00000    1.00000
   8.00000    9.00000   18.00000   35.00000   29.00000   23.00000    3.00000    6.00000    4.00000   62.00000   34.00000   18.00000    8.00000    4.00000   11.00000    6.00000    9.00000    5.00000    1.00000    2.00000  161.00000    3.00000    0.00000   14.00000    3.00000   24.00000  211.00000    6.00000
  26.00000   13.00000   10.00000   23.00000   17.00000    1.00000   18.00000   31.00000    3.00000   14.00000   16.00000    7.00000    8.00000   24.00000    7.00000    6.00000    0.00000   10.00000    1.00000    0.00000  112.00000    6.00000    0.00000   19.00000    0.00000    0.00000    2.00000  187.00000
